2742 198
8 1
8 35
8 46
8 60
8 89
8 95
8 98
8 99
8 100
8 101
8 110
8 118
8 121
8 131
8 132
8 136
8 142
8 154
8 168
8 171
8 174
1 24
1 35
1 42
1 46
1 60
1 74
1 78
1 81
1 95
1 98
1 99
1 100
1 101
1 103
1 104
1 108
1 131
1 132
1 154
1 159
1 168
1 171
35 24
35 32
35 33
35 40
35 44
35 46
35 58
35 60
35 62
35 63
35 64
35 65
35 66
35 68
35 74
35 78
35 95
35 98
35 99
35 100
35 101
35 103
35 104
35 105
35 106
35 107
35 108
35 109
35 110
35 122
35 123
35 131
35 132
35 135
35 154
35 166
35 168
35 170
35 171
35 179
35 187
46 24
46 42
46 50
46 60
46 81
46 95
46 98
46 99
46 100
46 101
46 104
46 106
46 123
46 131
46 132
46 154
46 159
46 168
46 171
46 183
60 24
60 7
60 10
60 12
60 14
60 18
60 19
60 20
60 23
60 31
60 32
60 33
60 36
60 40
60 44
60 49
60 50
60 52
60 53
60 54
60 55
60 56
60 57
60 58
60 61
60 62
60 63
60 64
60 65
60 66
60 68
60 69
60 70
60 72
60 78
60 80
60 81
60 83
60 88
60 89
60 91
60 93
60 94
60 95
60 98
60 99
60 100
60 101
60 105
60 106
60 107
60 108
60 109
60 110
60 111
60 112
60 114
60 118
60 121
60 122
60 123
60 125
60 127
60 129
60 130
60 131
60 132
60 135
60 136
60 141
60 142
60 146
60 150
60 151
60 154
60 158
60 161
60 164
60 166
60 168
60 171
60 174
60 179
60 183
60 187
60 190
60 192
60 193
60 194
60 195
60 196
60 197
89 95
89 132
89 171
89 57
89 136
89 149
89 196
89 83
89 127
89 141
89 158
89 118
89 121
89 142
89 174
95 78
95 7
95 69
95 70
95 80
95 91
95 93
95 94
95 98
95 99
95 100
95 101
95 108
95 110
95 111
95 122
95 125
95 127
95 131
95 132
95 135
95 136
95 141
95 142
95 146
95 154
95 158
95 168
95 171
95 174
95 179
95 190
95 192
95 193
98 81
98 22
98 32
98 33
98 40
98 43
98 44
98 58
98 62
98 63
98 64
98 65
98 66
98 83
98 99
98 100
98 101
98 105
98 106
98 107
98 108
98 109
98 110
98 122
98 123
98 131
98 132
98 135
98 136
98 154
98 164
98 168
98 170
98 171
98 174
98 178
98 179
98 182
98 194
98 197
99 24
99 78
99 81
99 22
99 32
99 33
99 40
99 43
99 44
99 58
99 59
99 62
99 63
99 64
99 65
99 66
99 68
99 69
99 70
99 73
99 82
99 83
99 88
99 100
99 101
99 105
99 106
99 107
99 108
99 109
99 110
99 118
99 121
99 122
99 123
99 131
99 132
99 135
99 136
99 143
99 154
99 164
99 166
99 168
99 170
99 171
99 174
99 178
99 179
99 182
99 187
99 194
99 197
100 24
100 78
100 81
100 22
100 32
100 33
100 40
100 43
100 44
100 58
100 59
100 62
100 63
100 64
100 65
100 66
100 83
100 101
100 105
100 106
100 107
100 108
100 109
100 110
100 122
100 123
100 131
100 132
100 135
100 136
100 154
100 164
100 168
100 170
100 171
100 174
100 178
100 179
100 182
100 194
100 197
101 81
101 22
101 32
101 33
101 40
101 43
101 44
101 58
101 62
101 63
101 64
101 65
101 66
101 68
101 83
101 105
101 106
101 107
101 108
101 109
101 110
101 122
101 123
101 131
101 132
101 135
101 136
101 154
101 164
101 166
101 168
101 170
101 171
101 174
101 178
101 179
101 182
101 187
101 194
101 197
110 108
110 131
110 132
110 154
110 168
110 171
110 73
110 136
110 69
110 70
110 122
110 170
110 32
110 33
110 40
110 44
110 50
110 58
110 62
110 63
110 64
110 65
110 66
110 88
110 105
110 106
110 107
110 109
110 123
110 135
110 139
110 143
110 174
110 179
110 182
118 132
118 168
118 153
118 79
118 136
118 194
118 49
118 69
118 70
118 71
118 83
118 93
118 94
118 111
118 122
118 125
118 129
118 146
118 170
118 177
118 190
118 192
118 193
118 9
118 43
118 59
118 82
118 84
118 116
118 117
118 121
118 137
118 142
118 143
118 174
118 175
118 183
121 132
121 168
121 153
121 57
121 136
121 196
121 49
121 69
121 70
121 71
121 83
121 93
121 94
121 111
121 122
121 125
121 146
121 158
121 177
121 190
121 192
121 193
121 9
121 43
121 59
121 82
121 116
121 117
121 137
121 142
121 143
121 174
121 175
121 183
131 81
131 108
131 18
131 22
131 32
131 33
131 40
131 43
131 44
131 50
131 53
131 56
131 58
131 62
131 63
131 64
131 65
131 66
131 83
131 88
131 105
131 106
131 107
131 109
131 114
131 122
131 123
131 132
131 135
131 136
131 139
131 154
131 158
131 164
131 168
131 170
131 171
131 174
131 178
131 179
131 182
131 183
131 194
131 196
131 197
132 24
132 81
132 108
132 7
132 18
132 22
132 32
132 33
132 40
132 43
132 44
132 50
132 53
132 56
132 58
132 62
132 63
132 64
132 65
132 66
132 68
132 69
132 70
132 83
132 88
132 93
132 94
132 105
132 106
132 107
132 109
132 111
132 114
132 122
132 123
132 125
132 135
132 136
132 141
132 142
132 146
132 154
132 158
132 164
132 166
132 168
132 170
132 171
132 174
132 178
132 179
132 182
132 183
132 187
132 190
132 192
132 193
132 194
132 196
132 197
136 24
136 42
136 78
136 81
136 108
136 168
136 171
136 150
136 167
136 172
136 5
136 77
136 138
136 147
136 19
136 29
136 51
136 57
136 73
136 75
136 76
136 79
136 86
136 90
136 96
136 97
136 126
136 128
136 7
136 17
136 18
136 20
136 22
136 41
136 43
136 45
136 49
136 59
136 65
136 66
136 67
136 69
136 70
136 82
136 83
136 84
136 88
136 93
136 94
136 105
136 114
136 122
136 125
136 127
136 129
136 130
136 137
136 140
136 141
136 142
136 143
136 144
136 146
136 149
136 151
136 158
136 161
136 162
136 163
136 164
136 170
136 174
136 175
136 177
136 178
136 182
136 183
136 184
136 185
136 188
136 190
136 191
136 192
136 193
136 194
136 196
136 197
142 168
142 171
142 150
142 57
142 79
142 96
142 149
142 196
142 49
142 69
142 70
142 83
142 114
142 125
142 127
142 141
142 158
142 161
142 164
142 185
142 193
142 143
142 174
154 24
154 74
154 78
154 103
154 104
154 108
154 32
154 33
154 40
154 44
154 58
154 62
154 63
154 64
154 65
154 66
154 68
154 105
154 106
154 107
154 109
154 122
154 123
154 135
154 166
154 168
154 170
154 171
154 179
154 187
168 24
168 74
168 78
168 103
168 104
168 108
168 7
168 9
168 20
168 23
168 32
168 33
168 40
168 44
168 50
168 54
168 58
168 62
168 63
168 64
168 65
168 66
168 68
168 69
168 70
168 71
168 80
168 83
168 91
168 93
168 94
168 105
168 106
168 107
168 109
168 111
168 116
168 117
168 122
168 123
168 125
168 135
168 137
168 146
168 153
168 158
168 166
168 170
168 171
168 179
168 187
168 190
168 192
168 193
168 194
168 195
171 24
171 74
171 78
171 103
171 104
171 108
171 7
171 44
171 68
171 69
171 70
171 93
171 94
171 111
171 122
171 125
171 127
171 135
171 141
171 146
171 158
171 166
171 174
171 187
171 190
171 192
171 193
174 24
174 78
174 81
174 108
174 54
174 147
174 51
174 73
174 75
174 76
174 79
174 126
174 144
174 149
174 194
174 197
174 36
174 49
174 67
174 69
174 70
174 83
174 127
174 141
174 158
174 164
174 170
174 178
174 192
174 22
174 43
174 59
174 88
174 105
174 143
174 182
24 15
24 16
24 20
24 42
24 43
24 48
24 74
24 78
24 80
24 81
24 91
24 103
24 104
24 105
24 107
24 108
24 182
42 50
42 81
42 104
42 106
42 123
42 159
42 182
42 183
74 7
74 10
74 71
74 72
74 78
74 87
74 103
74 104
74 108
74 112
74 114
74 150
74 161
74 164
78 16
78 20
78 43
78 80
78 91
78 103
78 104
78 108
78 137
78 158
78 179
78 182
78 188
81 7
81 15
81 16
81 22
81 36
81 43
81 48
81 50
81 53
81 55
81 56
81 67
81 83
81 104
81 105
81 106
81 108
81 123
81 150
81 158
81 164
81 170
81 178
81 182
81 183
81 194
81 195
81 196
81 197
103 7
103 10
103 67
103 71
103 72
103 83
103 87
103 104
103 108
103 112
103 114
103 150
103 161
103 164
103 178
104 15
104 16
104 48
104 91
104 105
104 107
104 108
104 159
108 7
108 22
108 32
108 33
108 40
108 43
108 44
108 58
108 62
108 63
108 64
108 65
108 66
108 69
108 70
108 83
108 93
108 94
108 105
108 106
108 107
108 109
108 111
108 122
108 123
108 125
108 135
108 146
108 164
108 170
108 178
108 179
108 182
108 190
108 192
108 193
108 194
108 197
159 67
159 83
159 84
159 134
159 135
159 195
15 16
15 48
15 91
15 105
15 107
16 48
16 91
16 105
16 107
20 19
20 70
20 87
20 158
20 80
20 137
43 194
43 197
43 83
43 122
43 158
43 164
43 170
43 178
43 162
43 105
43 22
43 59
43 82
43 143
43 182
48 91
48 105
48 107
80 189
80 11
80 9
80 23
80 32
80 38
80 39
80 91
80 135
80 139
80 162
80 179
80 181
91 32
91 38
91 116
91 135
91 139
91 179
91 33
91 40
91 44
91 63
91 105
91 107
91 119
91 134
105 194
105 197
105 83
105 122
105 164
105 170
105 178
105 32
105 38
105 135
105 179
105 22
105 33
105 40
105 44
105 58
105 62
105 63
105 64
105 65
105 66
105 106
105 107
105 109
105 123
105 182
107 122
107 32
107 135
107 162
107 179
107 33
107 40
107 44
107 58
107 62
107 63
107 64
107 65
107 66
107 106
107 109
107 123
107 187
107 188
182 194
182 197
182 83
182 164
182 170
182 178
182 183
182 22
182 66
32 189
32 11
32 61
32 111
32 122
32 9
32 23
32 31
32 33
32 38
32 40
32 44
32 58
32 62
32 63
32 64
32 65
32 66
32 106
32 109
32 123
32 135
32 139
32 162
32 179
33 122
33 38
33 116
33 135
33 179
33 62
33 106
33 123
33 40
33 44
33 58
33 63
33 64
33 65
33 66
33 109
33 119
33 134
40 122
40 38
40 116
40 135
40 179
40 62
40 106
40 123
40 44
40 58
40 63
40 64
40 65
40 66
40 109
40 119
40 134
44 122
44 38
44 135
44 139
44 179
44 62
44 50
44 106
44 123
44 58
44 63
44 64
44 65
44 66
44 68
44 109
44 166
44 187
58 122
58 135
58 162
58 179
58 62
58 106
58 123
58 63
58 64
58 65
58 66
58 109
58 187
58 188
62 122
62 135
62 179
62 17
62 63
62 64
62 65
62 66
62 106
62 109
62 123
63 122
63 38
63 135
63 179
63 106
63 123
63 64
63 65
63 66
63 109
64 122
64 170
64 135
64 139
64 179
64 50
64 106
64 123
64 65
64 66
64 109
65 122
65 170
65 135
65 139
65 179
65 50
65 106
65 123
65 66
65 109
66 122
66 170
66 135
66 139
66 179
66 50
66 106
66 123
66 109
68 135
68 50
68 183
68 166
68 187
106 61
106 111
106 122
106 135
106 179
106 31
106 50
106 183
106 109
106 123
106 187
106 188
109 69
109 83
109 122
109 170
109 177
109 135
109 179
109 123
122 153
122 7
122 69
122 70
122 71
122 93
122 94
122 111
122 9
122 59
122 82
122 116
122 117
122 123
122 125
122 135
122 137
122 143
122 146
122 179
122 190
122 192
122 193
123 61
123 111
123 135
123 162
123 179
123 31
123 50
123 183
123 187
123 188
135 189
135 11
135 67
135 83
135 195
135 9
135 23
135 38
135 116
135 84
135 119
135 134
135 139
135 162
135 166
135 179
135 187
166 50
166 183
166 187
170 54
170 150
170 53
170 194
170 196
170 197
170 7
170 36
170 55
170 56
170 67
170 70
170 83
170 111
170 129
170 158
170 164
170 12
170 22
170 31
170 84
170 175
170 178
170 183
170 192
170 195
179 189
179 11
179 9
179 23
179 38
179 116
179 117
179 139
179 162
179 50
179 119
179 134
179 183
187 162
187 188
50 53
50 196
50 56
50 111
50 114
50 158
50 139
50 18
50 88
50 183
183 53
183 194
183 196
183 56
183 69
183 70
183 93
183 94
183 114
183 125
183 129
183 146
183 158
183 177
183 190
183 192
183 193
183 117
183 18
183 88
183 84
183 175
7 14
7 150
7 19
7 53
7 57
7 194
7 196
7 197
7 10
7 11
7 36
7 49
7 55
7 56
7 61
7 67
7 69
7 70
7 71
7 72
7 83
7 87
7 93
7 94
7 111
7 112
7 113
7 114
7 125
7 127
7 129
7 130
7 141
7 146
7 151
7 158
7 161
7 164
7 177
7 178
7 185
7 190
7 192
7 193
7 195
10 14
10 53
10 57
10 196
10 11
10 49
10 61
10 69
10 70
10 71
10 87
10 112
10 113
10 114
10 127
10 130
10 141
10 151
10 158
10 161
10 164
10 192
10 195
12 54
12 19
12 53
12 57
12 73
12 194
12 196
12 197
12 49
12 55
12 56
12 61
12 71
12 83
12 114
12 129
12 195
12 18
12 31
14 2
14 54
14 61
14 69
14 70
14 87
14 96
14 112
14 114
14 127
14 130
14 141
14 150
14 151
14 158
14 161
14 164
14 185
14 186
14 192
14 194
14 195
18 54
18 167
18 172
18 77
18 147
18 19
18 29
18 53
18 57
18 73
18 86
18 90
18 96
18 128
18 140
18 149
18 191
18 194
18 196
18 197
18 55
18 56
18 61
18 114
18 129
18 158
18 195
18 31
18 88
18 184
19 54
19 5
19 31
19 49
19 53
19 55
19 56
19 57
19 61
19 70
19 129
19 130
19 185
19 192
19 194
19 195
19 196
19 197
23 189
23 11
23 111
23 9
23 38
23 139
23 162
31 54
31 53
31 57
31 194
31 196
31 197
31 55
31 56
31 61
31 111
31 129
31 195
36 54
36 150
36 53
36 194
36 196
36 197
36 49
36 55
36 56
36 67
36 70
36 72
36 83
36 87
36 129
36 158
36 161
36 164
36 178
36 192
36 195
49 54
49 150
49 53
49 57
49 79
49 90
49 149
49 194
49 196
49 11
49 52
49 67
49 69
49 70
49 71
49 83
49 112
49 113
49 114
49 125
49 127
49 130
49 143
49 158
49 161
49 162
49 164
49 178
49 185
49 192
49 195
52 53
52 196
52 83
52 88
53 54
53 150
53 5
53 11
53 55
53 56
53 57
53 61
53 67
53 71
53 83
53 88
53 111
53 112
53 113
53 114
53 129
53 149
53 158
53 161
53 164
53 178
53 194
53 195
53 196
53 197
54 2
54 5
54 55
54 56
54 57
54 61
54 67
54 69
54 70
54 83
54 87
54 93
54 94
54 96
54 111
54 125
54 129
54 130
54 146
54 149
54 150
54 158
54 161
54 164
54 177
54 178
54 186
54 190
54 192
54 193
54 194
54 195
54 196
54 197
55 150
55 57
55 194
55 196
55 197
55 56
55 61
55 67
55 83
55 129
55 158
55 164
55 178
55 195
56 150
56 57
56 194
56 196
56 197
56 61
56 67
56 83
56 88
56 111
56 114
56 129
56 158
56 164
56 178
56 195
57 5
57 11
57 61
57 70
57 71
57 83
57 111
57 112
57 113
57 114
57 129
57 130
57 158
57 161
57 164
57 185
57 192
57 194
57 195
57 196
57 197
61 194
61 196
61 197
61 69
61 70
61 111
61 112
61 114
61 127
61 129
61 130
61 141
61 151
61 158
61 177
61 192
61 195
69 150
69 73
69 86
69 90
69 96
69 194
69 70
69 87
69 88
69 93
69 94
69 111
69 112
69 114
69 125
69 127
69 130
69 141
69 143
69 146
69 151
69 158
69 161
69 164
69 175
69 177
69 186
69 190
69 192
69 193
69 195
70 150
70 167
70 73
70 86
70 96
70 194
70 67
70 34
70 83
70 87
70 88
70 93
70 94
70 111
70 112
70 114
70 125
70 127
70 130
70 141
70 143
70 146
70 151
70 158
70 161
70 164
70 175
70 177
70 178
70 185
70 186
70 190
70 192
70 193
70 195
72 150
72 71
72 161
72 164
83 150
83 90
83 149
83 194
83 196
83 197
83 67
83 71
83 22
83 34
83 84
83 87
83 111
83 114
83 127
83 134
83 137
83 141
83 158
83 164
83 178
83 185
83 192
83 195
88 167
88 172
88 77
88 147
88 29
88 73
88 86
88 90
88 96
88 97
88 128
88 140
88 149
88 191
88 196
88 114
88 158
88 41
88 45
88 143
88 184
93 94
93 111
93 114
93 125
93 127
93 130
93 146
93 175
93 177
93 190
93 192
93 193
94 111
94 114
94 125
94 130
94 146
94 175
94 177
94 190
94 192
94 193
111 153
111 194
111 196
111 71
111 9
111 116
111 117
111 125
111 137
111 146
111 190
111 192
111 193
111 195
112 150
112 196
112 11
112 71
112 87
112 113
112 114
112 127
112 130
112 141
112 151
112 158
112 161
112 164
112 192
112 195
114 196
114 11
114 71
114 87
114 113
114 125
114 127
114 130
114 141
114 146
114 151
114 158
114 161
114 164
114 190
114 192
114 193
114 195
125 90
125 96
125 130
125 146
125 151
125 175
125 177
125 190
125 192
125 193
127 150
127 67
127 130
127 141
127 151
127 158
127 164
127 178
127 185
127 192
127 195
129 194
129 196
129 197
129 84
129 175
129 195
130 150
130 96
130 194
130 87
130 141
130 146
130 151
130 158
130 161
130 164
130 177
130 185
130 186
130 190
130 192
130 193
130 195
141 151
141 158
141 192
141 195
146 151
146 175
146 177
146 190
146 192
146 193
150 2
150 67
150 71
150 87
150 96
150 149
150 151
150 158
150 161
150 164
150 178
150 185
150 186
150 192
150 194
150 195
150 196
151 158
151 177
151 185
151 190
151 192
151 193
151 195
158 96
158 194
158 196
158 11
158 67
158 71
158 87
158 113
158 59
158 84
158 137
158 161
158 164
158 178
158 186
158 188
158 192
158 195
161 96
161 194
161 196
161 11
161 71
161 87
161 113
161 164
161 186
161 192
164 96
164 194
164 196
164 197
164 11
164 67
164 71
164 87
164 113
164 22
164 178
164 186
164 192
164 195
190 177
190 175
190 192
190 193
192 176
192 96
192 128
192 194
192 67
192 87
192 177
192 178
192 185
192 34
192 175
192 186
192 193
192 195
193 177
193 175
194 5
194 96
194 149
194 22
194 67
194 84
194 87
194 175
194 178
194 186
194 195
194 196
194 197
195 149
195 196
195 197
195 67
195 71
195 87
195 178
195 84
195 134
196 5
196 11
196 67
196 71
196 113
196 178
196 197
197 5
197 22
197 178
71 153
71 11
71 9
71 113
71 116
71 117
71 137
87 96
87 67
87 186
137 153
137 9
137 116
137 117
137 188
188 162
22 178
67 149
67 84
67 134
67 178
178 26
178 138
178 149
178 155
59 162
59 82
59 143
73 167
73 172
73 5
73 13
73 26
73 77
73 85
73 147
73 156
73 189
73 28
73 29
73 86
73 90
73 96
73 128
73 140
73 143
73 149
73 155
73 184
73 191
82 143
143 79
139 189
139 11
139 9
139 38
139 162
84 134
84 175
134 38
134 116
134 119
9 153
9 189
9 11
9 38
9 116
9 117
9 162
116 153
116 38
116 39
116 117
116 119
116 181
117 153
117 25
153 115
153 3
153 4
153 5
153 13
153 25
153 26
153 27
153 28
153 29
153 37
153 39
153 51
153 76
153 86
153 90
153 92
153 96
153 124
153 126
153 128
153 140
153 144
153 147
153 148
153 149
153 163
153 167
153 172
153 181
153 198
96 167
96 172
96 5
96 26
96 77
96 138
96 147
96 169
96 173
96 176
96 27
96 28
96 29
96 51
96 75
96 76
96 79
96 86
96 90
96 41
96 45
96 97
96 124
96 126
96 128
96 140
96 144
96 149
96 163
96 184
96 186
96 191
96 198
185 165
5 167
5 172
5 4
5 13
5 21
5 26
5 27
5 28
5 29
5 51
5 75
5 76
5 77
5 79
5 85
5 86
5 90
5 97
5 102
5 124
5 126
5 128
5 138
5 140
5 144
5 147
5 149
5 155
5 156
5 163
5 169
5 173
5 176
5 189
5 191
149 167
149 172
149 13
149 26
149 77
149 85
149 138
149 147
149 156
149 169
149 173
149 176
149 189
149 27
149 28
149 29
149 51
149 75
149 76
149 79
149 86
149 90
149 97
149 126
149 128
149 140
149 144
149 25
149 39
149 155
149 160
149 163
149 181
149 184
149 191
177 175
115 3
115 148
115 152
115 157
115 167
115 172
3 167
3 172
148 13
148 25
148 92
152 6
152 157
157 6
157 180
167 4
167 13
167 26
167 27
167 28
167 29
167 47
167 51
167 75
167 77
167 79
167 85
167 86
167 90
167 97
167 102
167 126
167 128
167 133
167 138
167 140
167 145
167 147
167 155
167 156
167 163
167 169
167 172
167 173
167 176
167 184
167 189
167 191
167 198
172 4
172 13
172 26
172 27
172 28
172 29
172 51
172 75
172 76
172 77
172 79
172 86
172 90
172 97
172 102
172 126
172 128
172 138
172 140
172 144
172 147
172 156
172 163
172 169
172 173
172 176
172 184
172 189
172 191
4 13
4 26
4 77
4 85
4 102
4 138
4 147
4 156
4 169
4 173
4 176
4 189
13 25
13 26
13 28
13 85
13 86
13 92
13 102
13 128
13 140
13 147
13 155
13 156
13 169
13 173
13 176
13 189
13 191
25 92
26 28
26 29
26 77
26 85
26 86
26 90
26 102
26 124
26 128
26 138
26 140
26 147
26 155
26 156
26 169
26 173
26 176
26 184
26 189
26 191
26 198
27 147
27 29
27 51
27 76
27 126
27 128
27 144
28 77
28 85
28 102
28 138
28 147
28 156
28 173
28 176
28 189
28 29
28 86
28 90
28 124
28 128
28 140
28 155
28 184
28 191
28 198
29 77
29 138
29 147
29 169
29 176
29 51
29 76
29 86
29 90
29 97
29 124
29 126
29 128
29 140
29 144
29 184
29 191
29 198
37 90
37 155
37 133
37 180
39 51
39 181
51 147
51 75
51 76
51 79
51 126
51 128
51 144
51 181
76 147
76 75
76 79
76 126
76 128
76 144
86 77
86 85
86 102
86 138
86 147
86 156
86 169
86 173
86 176
86 189
86 75
86 79
86 41
86 45
86 90
86 97
86 124
86 128
86 140
86 155
86 163
86 184
86 191
86 198
90 77
90 138
90 147
90 169
90 173
90 176
90 97
90 124
90 128
90 133
90 140
90 184
90 191
90 198
92 163
124 77
124 138
124 176
124 97
124 128
124 140
124 184
124 198
126 147
126 75
126 79
126 128
126 144
128 77
128 85
128 102
128 138
128 147
128 156
128 169
128 173
128 176
128 189
128 75
128 79
128 97
128 140
128 144
128 155
128 184
128 191
140 77
140 85
140 102
140 147
140 156
140 169
140 173
140 176
140 189
140 155
140 184
140 191
140 198
144 147
144 75
144 79
144 198
147 77
147 85
147 102
147 138
147 75
147 79
147 97
147 156
147 169
147 173
147 176
147 184
147 189
147 191
163 173
163 75
163 79
198 176
198 75
198 184
47 155
47 180
75 79
77 41
77 45
77 85
77 97
77 102
77 138
77 169
77 173
77 184
77 191
85 102
85 155
85 156
85 169
85 189
85 191
97 138
97 169
97 41
97 45
102 138
102 156
102 169
102 173
102 176
102 189
133 156
133 155
133 180
138 145
138 155
138 169
138 173
155 156
155 189
155 180
155 191
156 169
156 173
156 176
156 189
156 191
169 173
169 176
169 189
173 176
173 184
173 189
173 191
176 184
176 189
184 191
189 11
189 38
189 162
189 191
41 45
11 38
11 113
11 162
38 119
38 162
34 30
119 120
8 0.09210629036080398
1 0.21995571897316435
35 0.014438842967374299
46 0.8967801189395861
60 0.6912410255090491
89 0.07938926688079939
95 0.7678309540371763
98 0.3454184710598234
99 0.42823633587071774
100 0.5040524194535525
101 0.4418451431686883
110 0.05624677918738297
118 0.9704284953221435
121 0.7083519119550358
131 0.35881067466486827
132 0.1366591689912241
136 0.7181796621204609
142 0.6912353109821545
154 0.6047175766557915
168 0.9137491067489305
171 0.06454900617165715
174 0.3522410353671188
24 0.6638607873230825
42 0.692412273500941
74 0.38640003943424406
78 0.09256236081515035
81 0.5022975616424417
103 0.5548995026081691
104 0.4923327182494165
108 0.9672464677508832
159 0.9481191219238058
15 0.565747177663116
16 0.948832392820777
20 0.9129592492390706
43 0.41934220043918446
48 0.2890889994799003
80 0.6157511799242985
91 0.23052295274629342
105 0.16677728369127442
107 0.02875999681198038
182 0.4708040266282574
32 0.17954793733736263
33 0.37128462909371784
40 0.7628093210725576
44 0.12787734406022833
58 0.48953536621414784
62 0.7966384450064966
63 0.2177235955022433
64 0.7046134482236069
65 0.6670823600563198
66 0.5653243835015932
68 0.5741291738875594
106 0.7642248653351366
109 0.5372126669784004
122 0.8556285819211786
123 0.24728982958400814
135 0.12604798552337404
166 0.12030401382257083
170 0.401942713910188
179 0.5011633932656867
187 0.7064192701656699
50 0.5255921538360209
183 0.7400572974017644
7 0.5792639334508656
10 0.48000316054147707
12 0.7874917749397122
14 0.6705515835691666
18 0.2607164689318441
19 0.8637291165021704
23 0.4304126465825244
31 0.7845021207709086
36 0.020862320469683282
49 0.8921795186905284
52 0.7987722826105979
53 0.09749763054444172
54 0.044452708397831
55 0.5749543963296525
56 0.5263751964540462
57 0.4560600079150051
61 0.3186595063105815
69 0.8343484893218864
70 0.315604855400642
72 0.59576737452443
83 0.405452119888722
88 0.873694226020852
93 0.8452311383991081
94 0.7281832835225606
111 0.8954728780079709
112 0.9625975460322763
114 0.3465646358961172
125 0.829083123095538
127 0.38379406811466144
129 0.20242494694498914
130 0.8545101122902087
141 0.5327448928123147
146 0.39112497513663147
150 0.16946368022711777
151 0.6210555613029389
158 0.043041097346599666
161 0.546771600381675
164 0.28035934223079206
190 0.13311163697896944
192 0.5069207573234836
193 0.7272465714396217
194 0.36620564269123135
195 0.9439170739431648
196 0.2456386770323058
197 0.7923460973403983
71 0.2800732078504873
87 0.12798118806062164
137 0.16762501087955883
188 0.1711333172838584
22 0.9750201175518132
67 0.8342668655532142
178 0.9215009049761929
59 0.5926313858802202
73 0.05516765683861924
82 0.558836883305194
143 0.27887915894034776
139 0.40527460085635125
84 0.4934197455665935
134 0.2926657651431944
9 0.33762752697322496
116 0.15090531830352572
117 0.5085331736983986
153 0.5443861205392727
2 0.28915715500947736
96 0.7058748096367456
185 0.5458267932244288
186 0.22262456706089473
5 0.8301013539077641
149 0.46036731577482104
177 0.794653178126754
115 0.23101824201310295
3 0.26069933983993776
148 0.6394282255683911
152 0.37192080690366247
157 0.8386340446836879
167 0.6422091153321338
172 0.29760382264001106
4 0.25737790279208594
13 0.933121203478126
25 0.9562994216474126
26 0.7749139117216698
27 0.08297985171201205
28 0.6790439364464801
29 0.5986673975260811
37 0.28200162889857483
39 0.09323681549119178
51 0.8239422485559963
76 0.023018632089563118
86 0.5221208244793437
90 0.23733521968195892
92 0.3402045122485233
124 0.47400750439770656
126 0.0819790685028946
128 0.23142408835292072
140 0.3879862735814146
144 0.3815646636823068
147 0.15252996987745104
163 0.8016990721461879
181 0.06749473185504573
198 0.2853509144584494
47 0.9478248118710138
75 0.5831100589497586
77 0.14527560499642977
79 0.7324307752944323
85 0.04766376917034554
97 0.27487926408367735
102 0.7169550091241078
133 0.6132704328218642
138 0.6366331114485807
145 0.3278459786746225
155 0.979976419310872
156 0.3548789392538775
169 0.4617227606008162
173 0.7521101695898436
176 0.09049096543267465
184 0.4985870712326379
189 0.7246595486492575
191 0.204051730694378
21 0.017586633020983955
41 0.5685123684494295
45 0.5868355576306209
11 0.9004286528557846
38 0.8148278135351656
162 0.5791586667575924
113 0.05169896206670754
17 0.6587520202960316
175 0.7995916936976764
160 0.12209121185963479
180 0.4290472493638715
6 0.9419693959556898
34 0.6269922723380676
165 0.6798937414486422
119 0.5078988257622228
30 0.05945556503720795
120 0.7834408552417391
