78 34
1 2
1 3
1 4
1 5
1 6
1 7
1 8
1 9
1 11
1 12
1 13
1 14
1 18
1 20
1 22
1 32
2 3
2 4
2 8
2 14
2 18
2 20
2 22
2 31
3 4
3 8
3 9
3 10
3 14
3 28
3 29
3 33
4 8
4 13
4 14
5 7
5 11
6 7
6 11
6 17
7 17
9 31
9 33
9 34
14 34
20 34
32 25
32 26
32 29
32 33
32 34
31 33
31 34
10 34
28 24
28 25
28 34
29 34
33 15
33 16
33 19
33 21
33 23
33 24
33 30
33 34
34 15
34 16
34 19
34 21
34 23
34 24
34 27
34 30
25 26
26 24
24 30
30 27
1 0.6733806845964874
2 0.2828681750239155
3 0.3597076006894149
4 0.21065599955811665
5 0.6574211260839401
6 0.07676828942558123
7 0.8990144872681064
8 0.050484070967159234
9 0.52740310490104
11 0.35450620232633945
12 0.23713796209114013
13 0.3890750822259773
14 0.7282695373354294
18 0.2595877055393082
20 0.051456199703812544
22 0.6189723918181508
32 0.27038554711504814
31 0.802170020491731
10 0.31592005143967106
28 0.388241171258654
29 0.22077483249395413
33 0.054530412174403686
17 0.9635472359983305
34 0.608984729972846
25 0.5509514002370406
26 0.6894139084649138
24 0.6178505680766131
15 0.6119561505863979
16 0.9331984504124419
19 0.021636315542035156
21 0.6692736410700666
23 0.8621532190535363
30 0.882570527594111
27 0.10151504550894219
